Tablero 1:

0 7 2 6 4 3 1 9 5 

0 6 1 9 7 5 8 4 2 

5 4 9 2 1 8 6 3 7 

1 2 6 7 5 4 9 8 3 

7 3 8 1 6 9 2 5 4 

4 9 5 8 3 2 7 6 1 

2 8 4 5 9 7 3 1 6 

6 5 0 0 0 1 4 2 9 

9 0 0 4 0 0 0 0 0 
Fichas:
1-3 2-8 3-7 3-8 5-6 7-8 




Tablero 2:

8 7 2 6 4 3 1 9 5 

3 6 1 9 7 5 8 4 2 

0 4 9 2 1 8 6 3 7 

0 2 6 7 5 4 9 8 3 

7 3 8 1 6 9 2 5 4 

4 9 5 8 3 2 7 6 1 

2 8 4 5 9 7 3 1 6 
6 5 7 3 8 1 4 2 9 

9 0 0 4 2 6 5 7 8 
Fichas:
5-1 1-3

Tablero 3:

0 7 2 6 4 3 1 9 5 

0 6 1 9 7 5 8 4 2 

0 4 9 2 1 8 6 3 7 

0 2 6 7 5 4 9 8 3 

7 3 8 1 6 9 2 5 4 

4 9 5 8 3 2 7 6 1 

2 8 4 5 9 7 3 1 6 

6 5 7 3 0 1 4 2 9 

9 0 0 4 0 6 5 7 8 
Fichas:
5-1 1-3 8-3 8-2


Tablero 4:

0 7 2 6 4 0 0 0 5

0 0 0 9 7 0 8 4 2

0 4 0 0 1 8 0 0 7

0 2 0 0 0 0 0 0 3
0 3 0 0 6 0 2 5 4

0 9 0 0 3 2 7 6 1

2 0 0 5 9 0 3 0 0

6 0 7 3 0 0 4 0 0

9 0 0 4 0 6 5 7 8

Fichas:
5-1 1-3 8-3 8-2 3-5 
4-9 7-4 7-5 1-8 1-2 
6-9 9-8 6-3 6-8 6-1 
8-5 9-2 1-9 7-1 5-4